Su 100 kompiuteriu generuojant
     0       1       2       3       4       5       6       7       8 
   2000  0,0025  0,0133  0,0018  0,0020  0,0191  0,0270  0,0126  0,0199 
   4000  0,0024  0,0150  0,0022  0,0020  0,0520  0,1138  0,0236  0,0624 
   8000  0,0055  0,0229  0,0059  0,0030  0,3965  0,6151  0,0881  0,2418 
  16000  0,0180  0,0300  0,0052  0,0045  1,4527  1,9704  0,3893  0,9883 
  32000  0,0436  0,0510  0,0136  0,0095  6,7380  9,5963  1,7736  4,1860 
  64000  0,0458  0,0802  0,0146  0,0120 28,9666 38,0527  7,3659 17,2377 

15.7% CPU; 14.7% RAM

Su 1000 kompiuteriu generuojant
     0       1       2       3       4       5       6       7       8 
   2000  0,0013  0,0154  0,0025  0,0030  0,0231  0,0329  0,0126  0,0212 
   4000  0,0024  0,0172  0,0032  0,0020  0,0570  0,1164  0,0281  0,0577 
   8000  0,0051  0,0263  0,0050  0,0030  0,3910  0,6069  0,0772  0,2385 
  16000  0,0164  0,0303  0,0057  0,0050  1,3166  1,9231  0,3986  1,0112 
  32000  0,0394  0,0440  0,0121  0,0070  6,4576  9,4482  1,7940  4,1451 
  64000  0,0424  0,0729  0,0154  0,0130 27,3487 36,8963  6,8417 16,5016 

12.2% CPU; 14.7% RAM


10,000 kompiuteriu generuojant
     0       1       2       3       4       5       6       7       8 
   2000  0,0016  0,0139  0,0023  0,0028  0,0223  0,0316  0,0135  0,0207 
   4000  0,0023  0,0164  0,0023  0,0019  0,0589  0,1138  0,0251  0,0615 
   8000  0,0049  0,0241  0,0041  0,0032  0,3892  0,6122  0,0840  0,2396 
  16000  0,0177  0,0298  0,0051  0,0040  1,3991  1,9308  0,3944  1,0004 
  32000  0,0394  0,0467  0,0130  0,0101  7,1581  9,3640  1,7845  4,1222 
  64000  0,0356  0,0901  0,0148  0,0125 29,3861 36,1937  6,5009 16,6016 

13.3% CPU; 14.2% RAM 